0.00000e+00	1.46191e-12	3.49686e-12
2.51256e-02	1.22848e-12	2.03681e-12
5.02513e-02	1.15725e-12	1.24293e-12
7.53769e-02	1.19015e-12	8.29675e-13
1.00503e-01	1.29890e-12	6.59858e-13
1.25628e-01	1.47129e-12	6.44289e-13
1.50754e-01	1.70439e-12	7.09221e-13
1.75879e-01	2.00077e-12	8.13365e-13
2.01005e-01	2.36639e-12	9.45144e-13
2.26131e-01	2.80889e-12	1.10946e-12
2.51256e-01	3.33607e-12	1.31782e-12
2.76382e-01	3.95449e-12	1.57906e-12
3.01508e-01	4.66867e-12	1.89128e-12
3.26633e-01	5.48121e-12	2.23985e-12
3.51759e-01	6.39410e-12	2.60279e-12
3.76884e-01	7.41051e-12	2.95933e-12
4.02010e-01	8.53629e-12	3.29482e-12
4.27136e-01	9.78053e-12	3.59975e-12
4.52261e-01	1.11549e-11	3.86677e-12
4.77387e-01	1.26718e-11	4.09187e-12
5.02513e-01	1.43423e-11	4.28126e-12
5.27638e-01	1.61736e-11	4.45793e-12
5.52764e-01	1.81672e-11	4.65813e-12
5.77889e-01	2.03197e-11	4.91483e-12
6.03015e-01	2.26237e-11	5.23943e-12
6.28141e-01	2.50701e-11	5.61779e-12
6.53266e-01	2.76507e-11	6.02212e-12
6.78392e-01	3.03587e-11	6.42590e-12
7.03518e-01	3.31898e-11	6.81206e-12
7.28643e-01	3.61409e-11	7.17385e-12
7.53769e-01	3.92100e-11	7.51218e-12
7.78894e-01	4.23953e-11	7.83216e-12
8.04020e-01	4.56945e-11	8.13957e-12
8.29146e-01	4.91043e-11	8.43764e-12
8.54271e-01	5.26206e-11	8.72476e-12
8.79397e-01	5.62384e-11	8.99396e-12
9.04523e-01	5.99520e-11	9.23474e-12
9.29648e-01	6.37552e-11	9.43683e-12
9.54774e-01	6.76408e-11	9.59461e-12
9.79899e-01	7.16007e-11	9.71069e-12
1.00503e+00	7.56248e-11	9.79682e-12
1.03015e+00	7.97011e-11	9.87104e-12
1.05528e+00	8.38153e-11	9.95201e-12
1.08040e+00	8.79518e-11	1.00540e-11
1.10553e+00	9.20941e-11	1.01858e-11
1.13065e+00	9.62258e-11	1.03532e-11
1.15578e+00	1.00331e-10	1.05616e-11
1.18090e+00	1.04394e-10	1.08165e-11
1.20603e+00	1.08400e-10	1.11205e-11
1.23116e+00	1.12334e-10	1.14702e-11
1.25628e+00	1.16182e-10	1.18558e-11
1.28141e+00	1.19930e-10	1.22614e-11
1.30653e+00	1.23566e-10	1.26680e-11
1.33166e+00	1.27077e-10	1.30569e-11
1.35678e+00	1.30452e-10	1.34112e-11
1.38191e+00	1.33681e-10	1.37181e-11
1.40704e+00	1.36757e-10	1.39685e-11
1.43216e+00	1.39673e-10	1.41570e-11
1.45729e+00	1.42423e-10	1.42815e-11
1.48241e+00	1.45004e-10	1.43424e-11
1.50754e+00	1.47413e-10	1.43422e-11
1.53266e+00	1.49650e-10	1.42847e-11
1.55779e+00	1.51715e-10	1.41747e-11
1.58291e+00	1.53610e-10	1.40181e-11
1.60804e+00	1.55337e-10	1.38215e-11
1.63317e+00	1.56901e-10	1.35919e-11
1.65829e+00	1.58306e-10	1.33369e-11
1.68342e+00	1.59557e-10	1.30645e-11
1.70854e+00	1.60660e-10	1.27827e-11
1.73367e+00	1.61621e-10	1.24996e-11
1.75879e+00	1.62446e-10	1.22227e-11
1.78392e+00	1.63142e-10	1.19591e-11
1.80905e+00	1.63715e-10	1.17150e-11
1.83417e+00	1.64171e-10	1.14953e-11
1.85930e+00	1.64518e-10	1.13036e-11
1.88442e+00	1.64759e-10	1.11421e-11
1.90955e+00	1.64902e-10	1.10112e-11
1.93467e+00	1.64953e-10	1.09101e-11
1.95980e+00	1.64915e-10	1.08366e-11
1.98492e+00	1.64796e-10	1.07874e-11
2.01005e+00	1.64598e-10	1.07584e-11
2.03518e+00	1.64327e-10	1.07452e-11
2.06030e+00	1.63988e-10	1.07432e-11
2.08543e+00	1.63584e-10	1.07478e-11
2.11055e+00	1.63119e-10	1.07547e-11
2.13568e+00	1.62597e-10	1.07601e-11
2.16080e+00	1.62021e-10	1.07605e-11
2.18593e+00	1.61395e-10	1.07530e-11
2.21106e+00	1.60721e-10	1.07354e-11
2.23618e+00	1.60003e-10	1.07058e-11
2.26131e+00	1.59244e-10	1.06629e-11
2.28643e+00	1.58446e-10	1.06059e-11
2.31156e+00	1.57612e-10	1.05342e-11
2.33668e+00	1.56744e-10	1.04478e-11
2.36181e+00	1.55844e-10	1.03470e-11
2.38693e+00	1.54915e-10	1.02321e-11
2.41206e+00	1.53959e-10	1.01041e-11
2.43719e+00	1.52977e-10	9.96365e-12
2.46231e+00	1.51972e-10	9.81199e-12
2.48744e+00	1.50945e-10	9.65030e-12
2.51256e+00	1.49897e-10	9.47989e-12
2.53769e+00	1.48832e-10	9.30214e-12
2.56281e+00	1.47749e-10	9.11851e-12
2.58794e+00	1.46651e-10	8.93046e-12
2.61307e+00	1.45538e-10	8.73950e-12
2.63819e+00	1.44413e-10	8.54710e-12
2.66332e+00	1.43276e-10	8.35475e-12
2.68844e+00	1.42128e-10	8.16387e-12
2.71357e+00	1.40971e-10	7.97586e-12
2.73869e+00	1.39805e-10	7.79203e-12
2.76382e+00	1.38632e-10	7.61363e-12
2.78894e+00	1.37453e-10	7.44181e-12
2.81407e+00	1.36268e-10	7.27762e-12
2.83920e+00	1.35078e-10	7.12197e-12
2.86432e+00	1.33884e-10	6.97568e-12
2.88945e+00	1.32686e-10	6.83938e-12
2.91457e+00	1.31486e-10	6.71357e-12
2.93970e+00	1.30284e-10	6.59861e-12
2.96482e+00	1.29081e-10	6.49468e-12
2.98995e+00	1.27877e-10	6.40181e-12
3.01508e+00	1.26673e-10	6.31986e-12
3.04020e+00	1.25469e-10	6.24857e-12
3.06533e+00	1.24267e-10	6.18752e-12
3.09045e+00	1.23065e-10	6.13618e-12
3.11558e+00	1.21865e-10	6.09394e-12
3.14070e+00	1.20668e-10	6.06007e-12
3.16583e+00	1.19473e-10	6.03380e-12
3.19095e+00	1.18282e-10	6.01431e-12
3.21608e+00	1.17093e-10	6.00077e-12
3.24121e+00	1.15909e-10	5.99231e-12
3.26633e+00	1.14728e-10	5.98811e-12
3.29146e+00	1.13552e-10	5.98734e-12
3.31658e+00	1.12381e-10	5.98922e-12
3.34171e+00	1.11214e-10	5.99301e-12
3.36683e+00	1.10053e-10	5.99801e-12
3.39196e+00	1.08898e-10	6.00357e-12
3.41709e+00	1.07747e-10	6.00911e-12
3.44221e+00	1.06603e-10	6.01410e-12
3.46734e+00	1.05465e-10	6.01806e-12
3.49246e+00	1.04334e-10	6.02059e-12
3.51759e+00	1.03209e-10	6.02133e-12
3.54271e+00	1.02091e-10	6.01997e-12
3.56784e+00	1.00979e-10	6.01628e-12
3.59296e+00	9.98749e-11	6.01005e-12
3.61809e+00	9.87779e-11	6.00114e-12
3.64322e+00	9.76883e-11	5.98947e-12
3.66834e+00	9.66062e-11	5.97499e-12
3.69347e+00	9.55319e-11	5.95769e-12
3.71859e+00	9.44654e-11	5.93764e-12
3.74372e+00	9.34069e-11	5.91490e-12
3.76884e+00	9.23564e-11	5.88963e-12
3.79397e+00	9.13142e-11	5.86199e-12
3.81910e+00	9.02803e-11	5.83220e-12
3.84422e+00	8.92549e-11	5.80049e-12
3.86935e+00	8.82379e-11	5.76717e-12
3.89447e+00	8.72297e-11	5.73256e-12
3.91960e+00	8.62301e-11	5.69700e-12
3.94472e+00	8.52394e-11	5.66089e-12
3.96985e+00	8.42576e-11	5.62465e-12
3.99497e+00	8.32849e-11	5.58871e-12
4.02010e+00	8.23212e-11	5.55355e-12
4.04523e+00	8.13667e-11	5.51963e-12
4.07035e+00	8.04214e-11	5.48747e-12
4.09548e+00	7.94854e-11	5.45757e-12
4.12060e+00	7.85588e-11	5.43045e-12
4.14573e+00	7.76416e-11	5.40660e-12
4.17085e+00	7.67339e-11	5.38653e-12
4.19598e+00	7.58357e-11	5.37072e-12
4.22111e+00	7.49472e-11	5.35963e-12
4.24623e+00	7.40683e-11	5.35369e-12
4.27136e+00	7.31990e-11	5.35328e-12
4.29648e+00	7.23395e-11	5.35874e-12
4.32161e+00	7.14897e-11	5.37038e-12
4.34673e+00	7.06497e-11	5.38843e-12
4.37186e+00	6.98194e-11	5.41306e-12
4.39698e+00	6.89990e-11	5.44439e-12
4.42211e+00	6.81884e-11	5.48248e-12
4.44724e+00	6.73877e-11	5.52731e-12
4.47236e+00	6.65968e-11	5.57882e-12
4.49749e+00	6.58157e-11	5.63689e-12
4.52261e+00	6.50445e-11	5.70134e-12
4.54774e+00	6.42831e-11	5.77195e-12
4.57286e+00	6.35316e-11	5.84845e-12
4.59799e+00	6.27898e-11	5.93056e-12
4.62312e+00	6.20578e-11	6.01794e-12
4.64824e+00	6.13356e-11	6.11025e-12
4.67337e+00	6.06231e-11	6.20714e-12
4.69849e+00	5.99203e-11	6.30823e-12
4.72362e+00	5.92271e-11	6.41314e-12
4.74874e+00	5.85436e-11	6.52151e-12
4.77387e+00	5.78696e-11	6.63295e-12
4.79899e+00	5.72051e-11	6.74711e-12
4.82412e+00	5.65501e-11	6.86363e-12
4.84925e+00	5.59045e-11	6.98217e-12
4.87437e+00	5.52682e-11	7.10240e-12
4.89950e+00	5.46412e-11	7.22400e-12
4.92462e+00	5.40234e-11	7.34668e-12
4.94975e+00	5.34147e-11	7.47015e-12
4.97487e+00	5.28151e-11	7.59415e-12
5.00000e+00	5.22245e-11	7.71843e-12
