0.00000e+00	3.44420e-10	1.96012e-10
2.51256e-02	3.65099e-10	2.01454e-10
5.02513e-02	3.87359e-10	2.07021e-10
7.53769e-02	4.11368e-10	2.12645e-10
1.00503e-01	4.37269e-10	2.18335e-10
1.25628e-01	4.65226e-10	2.24053e-10
1.50754e-01	4.95441e-10	2.29748e-10
1.75879e-01	5.28086e-10	2.35359e-10
2.01005e-01	5.63278e-10	2.40665e-10
2.26131e-01	6.01506e-10	2.45713e-10
2.51256e-01	6.42846e-10	2.50224e-10
2.76382e-01	6.87577e-10	2.54371e-10
3.01508e-01	7.36012e-10	2.57935e-10
3.26633e-01	7.88442e-10	2.60696e-10
3.51759e-01	8.45344e-10	2.62563e-10
3.76884e-01	9.07353e-10	2.63175e-10
4.02010e-01	9.75035e-10	2.62719e-10
4.27136e-01	1.04859e-09	2.61408e-10
4.52261e-01	1.12845e-09	2.59177e-10
4.77387e-01	1.21535e-09	2.57089e-10
5.02513e-01	1.30930e-09	2.56569e-10
5.27638e-01	1.41039e-09	2.59058e-10
5.52764e-01	1.51899e-09	2.67328e-10
5.77889e-01	1.63371e-09	2.81411e-10
6.03015e-01	1.75607e-09	3.01149e-10
6.28141e-01	1.88678e-09	3.27160e-10
6.53266e-01	2.02632e-09	3.61555e-10
6.78392e-01	2.17535e-09	4.04395e-10
7.03518e-01	2.33318e-09	4.54065e-10
7.28643e-01	2.49961e-09	5.11983e-10
7.53769e-01	2.67675e-09	5.83078e-10
7.78894e-01	2.86173e-09	6.51496e-10
8.04020e-01	3.05588e-09	7.22840e-10
8.29146e-01	3.25697e-09	7.88371e-10
8.54271e-01	3.46386e-09	8.42521e-10
8.79397e-01	3.67741e-09	8.95030e-10
9.04523e-01	3.89648e-09	9.46184e-10
9.29648e-01	4.12099e-09	9.96495e-10
9.54774e-01	4.35103e-09	1.04794e-09
9.79899e-01	4.58239e-09	1.08903e-09
1.00503e+00	4.81612e-09	1.12176e-09
1.03015e+00	5.05179e-09	1.14896e-09
1.05528e+00	5.28547e-09	1.16125e-09
1.08040e+00	5.51957e-09	1.16848e-09
1.10553e+00	5.75148e-09	1.17020e-09
1.13065e+00	5.97940e-09	1.16959e-09
1.15578e+00	6.20067e-09	1.16458e-09
1.18090e+00	6.41292e-09	1.15670e-09
1.20603e+00	6.61480e-09	1.15150e-09
1.23116e+00	6.79997e-09	1.14272e-09
1.25628e+00	6.96209e-09	1.12782e-09
1.28141e+00	7.09003e-09	1.10195e-09
1.30653e+00	7.20225e-09	1.08208e-09
1.33166e+00	7.29871e-09	1.06793e-09
1.35678e+00	7.37876e-09	1.05749e-09
1.38191e+00	7.44412e-09	1.05108e-09
1.40704e+00	7.49406e-09	1.04372e-09
1.43216e+00	7.52884e-09	1.03855e-09
1.45729e+00	7.54888e-09	1.03056e-09
1.48241e+00	7.55486e-09	1.02842e-09
1.50754e+00	7.54847e-09	1.03096e-09
1.53266e+00	7.53148e-09	1.03586e-09
1.55779e+00	7.50524e-09	1.04783e-09
1.58291e+00	7.46811e-09	1.05507e-09
1.60804e+00	7.42321e-09	1.05831e-09
1.63317e+00	7.36884e-09	1.06114e-09
1.65829e+00	7.30144e-09	1.05487e-09
1.68342e+00	7.22804e-09	1.04862e-09
1.70854e+00	7.14913e-09	1.04086e-09
1.73367e+00	7.06449e-09	1.02945e-09
1.75879e+00	6.96359e-09	1.00345e-09
1.78392e+00	6.84919e-09	9.67174e-10
1.80905e+00	6.73611e-09	9.32853e-10
1.83417e+00	6.62464e-09	9.00659e-10
1.85930e+00	6.51485e-09	8.70591e-10
1.88442e+00	6.40658e-09	8.42026e-10
1.90955e+00	6.29958e-09	8.14745e-10
1.93467e+00	6.19419e-09	7.89043e-10
1.95980e+00	6.09061e-09	7.65096e-10
1.98492e+00	5.98883e-09	7.42845e-10
2.01005e+00	5.88868e-09	7.22065e-10
2.03518e+00	5.78998e-09	7.02643e-10
2.06030e+00	5.69274e-09	6.84455e-10
2.08543e+00	5.59713e-09	6.67611e-10
2.11055e+00	5.50320e-09	6.52091e-10
2.13568e+00	5.41094e-09	6.37900e-10
2.16080e+00	5.32028e-09	6.24972e-10
2.18593e+00	5.23114e-09	6.12920e-10
2.21106e+00	5.14341e-09	6.01361e-10
2.23618e+00	5.05724e-09	5.90715e-10
2.26131e+00	4.97261e-09	5.80949e-10
2.28643e+00	4.88947e-09	5.71928e-10
2.31156e+00	4.80778e-09	5.63513e-10
2.33668e+00	4.72755e-09	5.55773e-10
2.36181e+00	4.64875e-09	5.48646e-10
2.38693e+00	4.57135e-09	5.42068e-10
2.41206e+00	4.49532e-09	5.35983e-10
2.43719e+00	4.42064e-09	5.30346e-10
2.46231e+00	4.34751e-09	5.24348e-10
2.48744e+00	4.27567e-09	5.18655e-10
2.51256e+00	4.20652e-09	5.09459e-10
2.53769e+00	4.14001e-09	4.96677e-10
2.56281e+00	4.07459e-09	4.84363e-10
2.58794e+00	4.01024e-09	4.72510e-10
2.61307e+00	3.94704e-09	4.60941e-10
2.63819e+00	3.88498e-09	4.49639e-10
2.66332e+00	3.82401e-09	4.38554e-10
2.68844e+00	3.76402e-09	4.27851e-10
2.71357e+00	3.70501e-09	4.17558e-10
2.73869e+00	3.64696e-09	4.07678e-10
2.76382e+00	3.58989e-09	3.98055e-10
2.78894e+00	3.53388e-09	3.88492e-10
2.81407e+00	3.47876e-09	3.79311e-10
2.83920e+00	3.42454e-09	3.70503e-10
2.86432e+00	3.37118e-09	3.62060e-10
2.88945e+00	3.31867e-09	3.53973e-10
2.91457e+00	3.26701e-09	3.46237e-10
2.93970e+00	3.21618e-09	3.38843e-10
2.96482e+00	3.16616e-09	3.31785e-10
2.98995e+00	3.11695e-09	3.25054e-10
3.01508e+00	3.06852e-09	3.18643e-10
3.04020e+00	3.02086e-09	3.12546e-10
3.06533e+00	2.97397e-09	3.06753e-10
3.09045e+00	2.92783e-09	3.01251e-10
3.11558e+00	2.88242e-09	2.96031e-10
3.14070e+00	2.83774e-09	2.91091e-10
3.16583e+00	2.79370e-09	2.86184e-10
3.19095e+00	2.75035e-09	2.81500e-10
3.21608e+00	2.70770e-09	2.77072e-10
3.24121e+00	2.66581e-09	2.72731e-10
3.26633e+00	2.62461e-09	2.68459e-10
3.29146e+00	2.58405e-09	2.64377e-10
3.31658e+00	2.54413e-09	2.60538e-10
3.34171e+00	2.50485e-09	2.56936e-10
3.36683e+00	2.46619e-09	2.53560e-10
3.39196e+00	2.42816e-09	2.50403e-10
3.41709e+00	2.39072e-09	2.47457e-10
3.44221e+00	2.35389e-09	2.44713e-10
3.46734e+00	2.31764e-09	2.42163e-10
3.49246e+00	2.28192e-09	2.39798e-10
3.51759e+00	2.24585e-09	2.36613e-10
3.54271e+00	2.20986e-09	2.33040e-10
3.56784e+00	2.17446e-09	2.29747e-10
3.59296e+00	2.13966e-09	2.26722e-10
3.61809e+00	2.10535e-09	2.23861e-10
3.64322e+00	2.07155e-09	2.21235e-10
3.66834e+00	2.03826e-09	2.18825e-10
3.69347e+00	2.00551e-09	2.16623e-10
3.71859e+00	1.97323e-09	2.14518e-10
3.74372e+00	1.94147e-09	2.12598e-10
3.76884e+00	1.91022e-09	2.10850e-10
3.79397e+00	1.87947e-09	2.09258e-10
3.81910e+00	1.84924e-09	2.07833e-10
3.84422e+00	1.81951e-09	2.06563e-10
3.86935e+00	1.79027e-09	2.05437e-10
3.89447e+00	1.76152e-09	2.04441e-10
3.91960e+00	1.73324e-09	2.03568e-10
3.94472e+00	1.70544e-09	2.02809e-10
3.96985e+00	1.67810e-09	2.02153e-10
3.99497e+00	1.65121e-09	2.01592e-10
4.02010e+00	1.62478e-09	2.01116e-10
4.04523e+00	1.59878e-09	2.00717e-10
4.07035e+00	1.57321e-09	2.00388e-10
4.09548e+00	1.54808e-09	2.00120e-10
4.12060e+00	1.52336e-09	1.99907e-10
4.14573e+00	1.49905e-09	1.99743e-10
4.17085e+00	1.47514e-09	1.99622e-10
4.19598e+00	1.45163e-09	1.99529e-10
4.22111e+00	1.42849e-09	1.99458e-10
4.24623e+00	1.40575e-09	1.99415e-10
4.27136e+00	1.38338e-09	1.99396e-10
4.29648e+00	1.36138e-09	1.99395e-10
4.32161e+00	1.33974e-09	1.99410e-10
4.34673e+00	1.31846e-09	1.99445e-10
4.37186e+00	1.29751e-09	1.99509e-10
4.39698e+00	1.27690e-09	1.99577e-10
4.42211e+00	1.25664e-09	1.99647e-10
4.44724e+00	1.23671e-09	1.99717e-10
4.47236e+00	1.21711e-09	1.99784e-10
4.49749e+00	1.19783e-09	1.99846e-10
4.52261e+00	1.17873e-09	1.99949e-10
4.54774e+00	1.15990e-09	2.00044e-10
4.57286e+00	1.14133e-09	2.00109e-10
4.59799e+00	1.12300e-09	2.00125e-10
4.62312e+00	1.10497e-09	2.00128e-10
4.64824e+00	1.08720e-09	2.00112e-10
4.67337e+00	1.06966e-09	2.00041e-10
4.69849e+00	1.05234e-09	1.99911e-10
4.72362e+00	1.03529e-09	1.99767e-10
4.74874e+00	1.01851e-09	1.99606e-10
4.77387e+00	1.00201e-09	1.99440e-10
4.79899e+00	9.85781e-10	1.99269e-10
4.82412e+00	9.69823e-10	1.99092e-10
4.84925e+00	9.54113e-10	1.98913e-10
4.87437e+00	9.38652e-10	1.98727e-10
4.89950e+00	9.23435e-10	1.98532e-10
4.92462e+00	9.08463e-10	1.98332e-10
4.94975e+00	8.93735e-10	1.98120e-10
4.97487e+00	8.79236e-10	1.97900e-10
5.00000e+00	8.64968e-10	1.97669e-10
