0.00000e+00	1.36218e-11	1.86609e-12
2.51256e-02	1.49995e-11	1.81293e-12
5.02513e-02	1.65279e-11	1.75365e-12
7.53769e-02	1.82224e-11	1.68957e-12
1.00503e-01	2.00996e-11	1.62294e-12
1.25628e-01	2.21773e-11	1.55716e-12
1.50754e-01	2.44746e-11	1.49722e-12
1.75879e-01	2.70117e-11	1.44990e-12
2.01005e-01	2.98101e-11	1.42359e-12
2.26131e-01	3.28926e-11	1.42742e-12
2.51256e-01	3.62829e-11	1.46941e-12
2.76382e-01	4.00055e-11	1.55441e-12
3.01508e-01	4.40857e-11	1.68288e-12
3.26633e-01	4.85496e-11	1.85132e-12
3.51759e-01	5.34232e-11	2.05362e-12
3.76884e-01	5.87328e-11	2.28247e-12
4.02010e-01	6.45042e-11	2.53023e-12
4.27136e-01	7.07627e-11	2.78931e-12
4.52261e-01	7.75323e-11	3.05222e-12
4.77387e-01	8.48357e-11	3.31161e-12
5.02513e-01	9.26933e-11	3.56027e-12
5.27638e-01	1.01123e-10	3.79114e-12
5.52764e-01	1.10141e-10	3.99741e-12
5.77889e-01	1.19757e-10	4.17273e-12
6.03015e-01	1.29980e-10	4.31140e-12
6.28141e-01	1.40812e-10	4.40871e-12
6.53266e-01	1.52252e-10	4.46135e-12
6.78392e-01	1.64291e-10	4.46788e-12
7.03518e-01	1.76917e-10	4.42945e-12
7.28643e-01	1.90110e-10	4.35061e-12
7.53769e-01	2.03845e-10	4.24041e-12
7.78894e-01	2.18089e-10	4.11365e-12
8.04020e-01	2.32805e-10	3.99210e-12
8.29146e-01	2.47947e-10	3.90482e-12
8.54271e-01	2.63465e-10	3.88609e-12
8.79397e-01	2.79303e-10	3.96947e-12
9.04523e-01	2.95399e-10	4.17884e-12
9.29648e-01	3.11686e-10	4.52150e-12
9.54774e-01	3.28094e-10	4.98794e-12
9.79899e-01	3.44548e-10	5.55758e-12
1.00503e+00	3.60973e-10	6.20539e-12
1.03015e+00	3.77290e-10	6.90629e-12
1.05528e+00	3.93420e-10	7.63704e-12
1.08040e+00	4.09284e-10	8.37686e-12
1.10553e+00	4.24803e-10	9.10730e-12
1.13065e+00	4.39901e-10	9.81212e-12
1.15578e+00	4.54505e-10	1.04771e-11
1.18090e+00	4.68545e-10	1.10901e-11
1.20603e+00	4.81953e-10	1.16407e-11
1.23116e+00	4.94669e-10	1.21205e-11
1.25628e+00	5.06636e-10	1.25228e-11
1.28141e+00	5.17804e-10	1.28429e-11
1.30653e+00	5.28129e-10	1.30777e-11
1.33166e+00	5.37573e-10	1.32261e-11
1.35678e+00	5.46105e-10	1.32883e-11
1.38191e+00	5.53700e-10	1.32663e-11
1.40704e+00	5.60340e-10	1.31635e-11
1.43216e+00	5.66014e-10	1.29844e-11
1.45729e+00	5.70716e-10	1.27347e-11
1.48241e+00	5.74448e-10	1.24212e-11
1.50754e+00	5.77217e-10	1.20515e-11
1.53266e+00	5.79035e-10	1.16338e-11
1.55779e+00	5.79918e-10	1.11769e-11
1.58291e+00	5.79891e-10	1.06899e-11
1.60804e+00	5.78978e-10	1.01825e-11
1.63317e+00	5.77210e-10	9.66421e-12
1.65829e+00	5.74620e-10	9.14481e-12
1.68342e+00	5.71244e-10	8.63396e-12
1.70854e+00	5.67121e-10	8.14111e-12
1.73367e+00	5.62292e-10	7.67531e-12
1.75879e+00	5.56799e-10	7.24496e-12
1.78392e+00	5.50684e-10	6.85747e-12
1.80905e+00	5.43992e-10	6.51884e-12
1.83417e+00	5.36766e-10	6.23322e-12
1.85930e+00	5.29051e-10	6.00249e-12
1.88442e+00	5.20891e-10	5.82600e-12
1.90955e+00	5.12329e-10	5.70060e-12
1.93467e+00	5.03408e-10	5.62088e-12
1.95980e+00	4.94169e-10	5.57987e-12
1.98492e+00	4.84652e-10	5.56967e-12
2.01005e+00	4.74897e-10	5.58219e-12
2.03518e+00	4.64941e-10	5.60975e-12
2.06030e+00	4.54819e-10	5.64544e-12
2.08543e+00	4.44566e-10	5.68337e-12
2.11055e+00	4.34215e-10	5.71871e-12
2.13568e+00	4.23795e-10	5.74765e-12
2.16080e+00	4.13336e-10	5.76735e-12
2.18593e+00	4.02864e-10	5.77579e-12
2.21106e+00	3.92404e-10	5.77165e-12
2.23618e+00	3.81980e-10	5.75420e-12
2.26131e+00	3.71614e-10	5.72320e-12
2.28643e+00	3.61324e-10	5.67879e-12
2.31156e+00	3.51129e-10	5.62142e-12
2.33668e+00	3.41045e-10	5.55177e-12
2.36181e+00	3.31087e-10	5.47070e-12
2.38693e+00	3.21268e-10	5.37918e-12
2.41206e+00	3.11601e-10	5.27828e-12
2.43719e+00	3.02094e-10	5.16912e-12
2.46231e+00	2.92759e-10	5.05284e-12
2.48744e+00	2.83601e-10	4.93056e-12
2.51256e+00	2.74629e-10	4.80341e-12
2.53769e+00	2.65848e-10	4.67247e-12
2.56281e+00	2.57262e-10	4.53877e-12
2.58794e+00	2.48875e-10	4.40329e-12
2.61307e+00	2.40689e-10	4.26695e-12
2.63819e+00	2.32708e-10	4.13058e-12
2.66332e+00	2.24931e-10	3.99498e-12
2.68844e+00	2.17360e-10	3.86083e-12
2.71357e+00	2.09995e-10	3.72876e-12
2.73869e+00	2.02834e-10	3.59933e-12
2.76382e+00	1.95877e-10	3.47301e-12
2.78894e+00	1.89122e-10	3.35021e-12
2.81407e+00	1.82567e-10	3.23126e-12
2.83920e+00	1.76210e-10	3.11642e-12
2.86432e+00	1.70048e-10	3.00591e-12
2.88945e+00	1.64077e-10	2.89985e-12
2.91457e+00	1.58295e-10	2.79835e-12
2.93970e+00	1.52699e-10	2.70141e-12
2.96482e+00	1.47284e-10	2.60904e-12
2.98995e+00	1.42046e-10	2.52117e-12
3.01508e+00	1.36982e-10	2.43771e-12
3.04020e+00	1.32089e-10	2.35851e-12
3.06533e+00	1.27360e-10	2.28344e-12
3.09045e+00	1.22793e-10	2.21230e-12
3.11558e+00	1.18384e-10	2.14489e-12
3.14070e+00	1.14127e-10	2.08101e-12
3.16583e+00	1.10019e-10	2.02045e-12
3.19095e+00	1.06056e-10	1.96297e-12
3.21608e+00	1.02232e-10	1.90836e-12
3.24121e+00	9.85455e-11	1.85641e-12
3.26633e+00	9.49906e-11	1.80690e-12
3.29146e+00	9.15635e-11	1.75963e-12
3.31658e+00	8.82604e-11	1.71442e-12
3.34171e+00	8.50771e-11	1.67110e-12
3.36683e+00	8.20099e-11	1.62949e-12
3.39196e+00	7.90548e-11	1.58945e-12
3.41709e+00	7.62082e-11	1.55085e-12
3.44221e+00	7.34663e-11	1.51357e-12
3.46734e+00	7.08256e-11	1.47751e-12
3.49246e+00	6.82827e-11	1.44257e-12
3.51759e+00	6.58340e-11	1.40867e-12
3.54271e+00	6.34763e-11	1.37575e-12
3.56784e+00	6.12064e-11	1.34376e-12
3.59296e+00	5.90210e-11	1.31264e-12
3.61809e+00	5.69173e-11	1.28236e-12
3.64322e+00	5.48922e-11	1.25290e-12
3.66834e+00	5.29428e-11	1.22422e-12
3.69347e+00	5.10663e-11	1.19632e-12
3.71859e+00	4.92602e-11	1.16919e-12
3.74372e+00	4.75217e-11	1.14282e-12
3.76884e+00	4.58484e-11	1.11720e-12
3.79397e+00	4.42378e-11	1.09234e-12
3.81910e+00	4.26876e-11	1.06824e-12
3.84422e+00	4.11955e-11	1.04490e-12
3.86935e+00	3.97593e-11	1.02233e-12
3.89447e+00	3.83769e-11	1.00054e-12
3.91960e+00	3.70462e-11	9.79517e-13
3.94472e+00	3.57653e-11	9.59279e-13
3.96985e+00	3.45322e-11	9.39827e-13
3.99497e+00	3.33452e-11	9.21160e-13
4.02010e+00	3.22025e-11	9.03279e-13
4.04523e+00	3.11023e-11	8.86183e-13
4.07035e+00	3.00431e-11	8.69866e-13
4.09548e+00	2.90232e-11	8.54324e-13
4.12060e+00	2.80412e-11	8.39547e-13
4.14573e+00	2.70956e-11	8.25525e-13
4.17085e+00	2.61850e-11	8.12243e-13
4.19598e+00	2.53080e-11	7.99688e-13
4.22111e+00	2.44634e-11	7.87841e-13
4.24623e+00	2.36498e-11	7.76681e-13
4.27136e+00	2.28661e-11	7.66188e-13
4.29648e+00	2.21112e-11	7.56338e-13
4.32161e+00	2.13839e-11	7.47104e-13
4.34673e+00	2.06831e-11	7.38461e-13
4.37186e+00	2.00079e-11	7.30381e-13
4.39698e+00	1.93572e-11	7.22834e-13
4.42211e+00	1.87301e-11	7.15792e-13
4.44724e+00	1.81258e-11	7.09224e-13
4.47236e+00	1.75432e-11	7.03101e-13
4.49749e+00	1.69816e-11	6.97392e-13
4.52261e+00	1.64402e-11	6.92068e-13
4.54774e+00	1.59182e-11	6.87099e-13
4.57286e+00	1.54148e-11	6.82457e-13
4.59799e+00	1.49294e-11	6.78113e-13
4.62312e+00	1.44613e-11	6.74040e-13
4.64824e+00	1.40097e-11	6.70213e-13
4.67337e+00	1.35741e-11	6.66606e-13
4.69849e+00	1.31539e-11	6.63196e-13
4.72362e+00	1.27484e-11	6.59959e-13
4.74874e+00	1.23572e-11	6.56875e-13
4.77387e+00	1.19796e-11	6.53923e-13
4.79899e+00	1.16152e-11	6.51085e-13
4.82412e+00	1.12634e-11	6.48343e-13
4.84925e+00	1.09238e-11	6.45681e-13
4.87437e+00	1.05960e-11	6.43084e-13
4.89950e+00	1.02794e-11	6.40539e-13
4.92462e+00	9.97372e-12	6.38032e-13
4.94975e+00	9.67847e-12	6.35552e-13
4.97487e+00	9.39329e-12	6.33089e-13
5.00000e+00	9.11780e-12	6.30633e-13
