0.00000e+00	7.96810e-06	5.28298e-07
2.51256e-02	8.73329e-06	5.22964e-07
5.02513e-02	9.56669e-06	5.14713e-07
7.53769e-02	1.04730e-05	5.03737e-07
1.00503e-01	1.14572e-05	4.90432e-07
1.25628e-01	1.25242e-05	4.75462e-07
1.50754e-01	1.36790e-05	4.59846e-07
1.75879e-01	1.49267e-05	4.45039e-07
2.01005e-01	1.62723e-05	4.32992e-07
2.26131e-01	1.77208e-05	4.26115e-07
2.51256e-01	1.92770e-05	4.27051e-07
2.76382e-01	2.09457e-05	4.38226e-07
3.01508e-01	2.27314e-05	4.61298e-07
3.26633e-01	2.46384e-05	4.96784e-07
3.51759e-01	2.66705e-05	5.44095e-07
3.76884e-01	2.88314e-05	6.01868e-07
4.02010e-01	3.11243e-05	6.68368e-07
4.27136e-01	3.35518e-05	7.41769e-07
4.52261e-01	3.61162e-05	8.20290e-07
4.77387e-01	3.88191e-05	9.02242e-07
5.02513e-01	4.16614e-05	9.86031e-07
5.27638e-01	4.46436e-05	1.07014e-06
5.52764e-01	4.77652e-05	1.15311e-06
5.77889e-01	5.10252e-05	1.23354e-06
6.03015e-01	5.44219e-05	1.31009e-06
6.28141e-01	5.79526e-05	1.38147e-06
6.53266e-01	6.16140e-05	1.44643e-06
6.78392e-01	6.54019e-05	1.50384e-06
7.03518e-01	6.93115e-05	1.55263e-06
7.28643e-01	7.33370e-05	1.59185e-06
7.53769e-01	7.74720e-05	1.62068e-06
7.78894e-01	8.17093e-05	1.63843e-06
8.04020e-01	8.60410e-05	1.64461e-06
8.29146e-01	9.04585e-05	1.63892e-06
8.54271e-01	9.49527e-05	1.62131e-06
8.79397e-01	9.95139e-05	1.59198e-06
9.04523e-01	1.04132e-04	1.55149e-06
9.29648e-01	1.08795e-04	1.50078e-06
9.54774e-01	1.13494e-04	1.44131e-06
9.79899e-01	1.18216e-04	1.37513e-06
1.00503e+00	1.22949e-04	1.30513e-06
1.03015e+00	1.27682e-04	1.23517e-06
1.05528e+00	1.32403e-04	1.17033e-06
1.08040e+00	1.37100e-04	1.11694e-06
1.10553e+00	1.41760e-04	1.08224e-06
1.13065e+00	1.46372e-04	1.07339e-06
1.15578e+00	1.50924e-04	1.09577e-06
1.18090e+00	1.55405e-04	1.15150e-06
1.20603e+00	1.59803e-04	1.23902e-06
1.23116e+00	1.64107e-04	1.35414e-06
1.25628e+00	1.68307e-04	1.49149e-06
1.28141e+00	1.72393e-04	1.64572e-06
1.30653e+00	1.76356e-04	1.81202e-06
1.33166e+00	1.80186e-04	1.98625e-06
1.35678e+00	1.83876e-04	2.16497e-06
1.38191e+00	1.87417e-04	2.34523e-06
1.40704e+00	1.90803e-04	2.52454e-06
1.43216e+00	1.94028e-04	2.70072e-06
1.45729e+00	1.97085e-04	2.87189e-06
1.48241e+00	1.99969e-04	3.03642e-06
1.50754e+00	2.02677e-04	3.19285e-06
1.53266e+00	2.05205e-04	3.33992e-06
1.55779e+00	2.07549e-04	3.47653e-06
1.58291e+00	2.09708e-04	3.60175e-06
1.60804e+00	2.11680e-04	3.71477e-06
1.63317e+00	2.13464e-04	3.81495e-06
1.65829e+00	2.15059e-04	3.90176e-06
1.68342e+00	2.16467e-04	3.97481e-06
1.70854e+00	2.17688e-04	4.03383e-06
1.73367e+00	2.18723e-04	4.07866e-06
1.75879e+00	2.19574e-04	4.10926e-06
1.78392e+00	2.20244e-04	4.12570e-06
1.80905e+00	2.20736e-04	4.12814e-06
1.83417e+00	2.21053e-04	4.11682e-06
1.85930e+00	2.21198e-04	4.09210e-06
1.88442e+00	2.21177e-04	4.05440e-06
1.90955e+00	2.20992e-04	4.00419e-06
1.93467e+00	2.20649e-04	3.94205e-06
1.95980e+00	2.20153e-04	3.86857e-06
1.98492e+00	2.19509e-04	3.78444e-06
2.01005e+00	2.18722e-04	3.69036e-06
2.03518e+00	2.17798e-04	3.58709e-06
2.06030e+00	2.16743e-04	3.47540e-06
2.08543e+00	2.15561e-04	3.35613e-06
2.11055e+00	2.14259e-04	3.23010e-06
2.13568e+00	2.12843e-04	3.09818e-06
2.16080e+00	2.11319e-04	2.96126e-06
2.18593e+00	2.09692e-04	2.82024e-06
2.21106e+00	2.07968e-04	2.67605e-06
2.23618e+00	2.06153e-04	2.52964e-06
2.26131e+00	2.04254e-04	2.38200e-06
2.28643e+00	2.02274e-04	2.23413e-06
2.31156e+00	2.00221e-04	2.08713e-06
2.33668e+00	1.98100e-04	1.94213e-06
2.36181e+00	1.95915e-04	1.80039e-06
2.38693e+00	1.93673e-04	1.66329e-06
2.41206e+00	1.91378e-04	1.53238e-06
2.43719e+00	1.89035e-04	1.40945e-06
2.46231e+00	1.86650e-04	1.29650e-06
2.48744e+00	1.84226e-04	1.19584e-06
2.51256e+00	1.81769e-04	1.10993e-06
2.53769e+00	1.79282e-04	1.04128e-06
2.56281e+00	1.76770e-04	9.92000e-07
2.58794e+00	1.74237e-04	9.63379e-07
2.61307e+00	1.71686e-04	9.55416e-07
2.63819e+00	1.69122e-04	9.66674e-07
2.66332e+00	1.66548e-04	9.94537e-07
2.68844e+00	1.63967e-04	1.03574e-06
2.71357e+00	1.61382e-04	1.08692e-06
2.73869e+00	1.58796e-04	1.14502e-06
2.76382e+00	1.56213e-04	1.20740e-06
2.78894e+00	1.53635e-04	1.27197e-06
2.81407e+00	1.51064e-04	1.33705e-06
2.83920e+00	1.48503e-04	1.40135e-06
2.86432e+00	1.45954e-04	1.46388e-06
2.88945e+00	1.43419e-04	1.52389e-06
2.91457e+00	1.40900e-04	1.58079e-06
2.93970e+00	1.38399e-04	1.63416e-06
2.96482e+00	1.35917e-04	1.68369e-06
2.98995e+00	1.33457e-04	1.72915e-06
3.01508e+00	1.31020e-04	1.77038e-06
3.04020e+00	1.28606e-04	1.80730e-06
3.06533e+00	1.26217e-04	1.83985e-06
3.09045e+00	1.23855e-04	1.86801e-06
3.11558e+00	1.21520e-04	1.89181e-06
3.14070e+00	1.19213e-04	1.91129e-06
3.16583e+00	1.16935e-04	1.92651e-06
3.19095e+00	1.14686e-04	1.93757e-06
3.21608e+00	1.12468e-04	1.94456e-06
3.24121e+00	1.10281e-04	1.94759e-06
3.26633e+00	1.08125e-04	1.94678e-06
3.29146e+00	1.06001e-04	1.94227e-06
3.31658e+00	1.03909e-04	1.93418e-06
3.34171e+00	1.01850e-04	1.92267e-06
3.36683e+00	9.98231e-05	1.90787e-06
3.39196e+00	9.78291e-05	1.88993e-06
3.41709e+00	9.58679e-05	1.86901e-06
3.44221e+00	9.39397e-05	1.84526e-06
3.46734e+00	9.20444e-05	1.81882e-06
3.49246e+00	9.01821e-05	1.78985e-06
3.51759e+00	8.83527e-05	1.75851e-06
3.54271e+00	8.65560e-05	1.72495e-06
3.56784e+00	8.47919e-05	1.68930e-06
3.59296e+00	8.30603e-05	1.65173e-06
3.61809e+00	8.13609e-05	1.61237e-06
3.64322e+00	7.96936e-05	1.57138e-06
3.66834e+00	7.80580e-05	1.52888e-06
3.69347e+00	7.64538e-05	1.48504e-06
3.71859e+00	7.48808e-05	1.43997e-06
3.74372e+00	7.33387e-05	1.39381e-06
3.76884e+00	7.18271e-05	1.34671e-06
3.79397e+00	7.03456e-05	1.29878e-06
3.81910e+00	6.88939e-05	1.25017e-06
3.84422e+00	6.74717e-05	1.20100e-06
3.86935e+00	6.60784e-05	1.15140e-06
3.89447e+00	6.47137e-05	1.10150e-06
3.91960e+00	6.33773e-05	1.05144e-06
3.94472e+00	6.20686e-05	1.00135e-06
3.96985e+00	6.07872e-05	9.51379e-07
3.99497e+00	5.95328e-05	9.01667e-07
4.02010e+00	5.83049e-05	8.52377e-07
4.04523e+00	5.71031e-05	8.03682e-07
4.07035e+00	5.59268e-05	7.55774e-07
4.09548e+00	5.47758e-05	7.08871e-07
4.12060e+00	5.36494e-05	6.63220e-07
4.14573e+00	5.25474e-05	6.19114e-07
4.17085e+00	5.14692e-05	5.76897e-07
4.19598e+00	5.04145e-05	5.36978e-07
4.22111e+00	4.93827e-05	4.99847e-07
4.24623e+00	4.83735e-05	4.66079e-07
4.27136e+00	4.73863e-05	4.36335e-07
4.29648e+00	4.64209e-05	4.11341e-07
4.32161e+00	4.54767e-05	3.91828e-07
4.34673e+00	4.45533e-05	3.78443e-07
4.37186e+00	4.36503e-05	3.71624e-07
4.39698e+00	4.27673e-05	3.71495e-07
4.42211e+00	4.19040e-05	3.77819e-07
4.44724e+00	4.10597e-05	3.90032e-07
4.47236e+00	4.02343e-05	4.07362e-07
4.49749e+00	3.94273e-05	4.28951e-07
4.52261e+00	3.86382e-05	4.53962e-07
4.54774e+00	3.78667e-05	4.81645e-07
4.57286e+00	3.71125e-05	5.11359e-07
4.59799e+00	3.63752e-05	5.42575e-07
4.62312e+00	3.56543e-05	5.74864e-07
4.64824e+00	3.49496e-05	6.07882e-07
4.67337e+00	3.42606e-05	6.41355e-07
4.69849e+00	3.35871e-05	6.75062e-07
4.72362e+00	3.29287e-05	7.08828e-07
4.74874e+00	3.22850e-05	7.42511e-07
4.77387e+00	3.16557e-05	7.75998e-07
4.79899e+00	3.10405e-05	8.09195e-07
4.82412e+00	3.04391e-05	8.42029e-07
4.84925e+00	2.98512e-05	8.74439e-07
4.87437e+00	2.92764e-05	9.06374e-07
4.89950e+00	2.87145e-05	9.37795e-07
4.92462e+00	2.81652e-05	9.68669e-07
4.94975e+00	2.76281e-05	9.98969e-07
4.97487e+00	2.71030e-05	1.02868e-06
5.00000e+00	2.65897e-05	1.05777e-06
