9.00000e-01	6.31886e-09	8.38492e-10
9.18090e-01	6.18636e-09	8.33850e-10
9.36181e-01	6.07070e-09	8.40665e-10
9.54271e-01	5.97038e-09	8.53943e-10
9.72362e-01	5.88411e-09	8.70213e-10
9.90452e-01	5.81081e-09	8.87203e-10
1.00854e+00	5.74951e-09	9.03502e-10
1.02663e+00	5.69938e-09	9.18284e-10
1.04472e+00	5.65970e-09	9.31115e-10
1.06281e+00	5.62984e-09	9.41810e-10
1.08090e+00	5.60923e-09	9.50350e-10
1.09899e+00	5.59736e-09	9.56826e-10
1.11709e+00	5.59377e-09	9.61394e-10
1.13518e+00	5.59802e-09	9.64258e-10
1.15327e+00	5.60972e-09	9.65651e-10
1.17136e+00	5.62849e-09	9.65818e-10
1.18945e+00	5.65395e-09	9.65011e-10
1.20754e+00	5.68574e-09	9.63474e-10
1.22563e+00	5.72349e-09	9.61440e-10
1.24372e+00	5.76685e-09	9.59118e-10
1.26181e+00	5.81544e-09	9.56687e-10
1.27990e+00	5.86888e-09	9.54291e-10
1.29799e+00	5.92681e-09	9.52034e-10
1.31608e+00	5.98883e-09	9.49981e-10
1.33417e+00	6.05456e-09	9.48156e-10
1.35226e+00	6.12361e-09	9.46549e-10
1.37035e+00	6.19559e-09	9.45125e-10
1.38844e+00	6.27013e-09	9.43829e-10
1.40653e+00	6.34686e-09	9.42598e-10
1.42462e+00	6.42541e-09	9.41372e-10
1.44271e+00	6.50544e-09	9.40106e-10
1.46080e+00	6.58664e-09	9.38773e-10
1.47889e+00	6.66871e-09	9.37380e-10
1.49698e+00	6.75137e-09	9.35964e-10
1.51508e+00	6.83437e-09	9.34604e-10
1.53317e+00	6.91749e-09	9.33418e-10
1.55126e+00	7.00055e-09	9.32564e-10
1.56935e+00	7.08339e-09	9.32234e-10
1.58744e+00	7.16586e-09	9.32653e-10
1.60553e+00	7.24786e-09	9.34064e-10
1.62362e+00	7.32930e-09	9.36721e-10
1.64171e+00	7.41012e-09	9.40871e-10
1.65980e+00	7.49026e-09	9.46739e-10
1.67789e+00	7.56970e-09	9.54512e-10
1.69598e+00	7.64840e-09	9.64319e-10
1.71407e+00	7.72634e-09	9.76219e-10
1.73216e+00	7.80350e-09	9.90192e-10
1.75025e+00	7.87986e-09	1.00613e-09
1.76834e+00	7.95539e-09	1.02385e-09
1.78643e+00	8.03006e-09	1.04309e-09
1.80452e+00	8.10381e-09	1.06351e-09
1.82261e+00	8.17660e-09	1.08473e-09
1.84070e+00	8.24834e-09	1.10633e-09
1.85879e+00	8.31895e-09	1.12787e-09
1.87688e+00	8.38832e-09	1.14890e-09
1.89497e+00	8.45633e-09	1.16897e-09
1.91307e+00	8.52283e-09	1.18765e-09
1.93116e+00	8.58768e-09	1.20456e-09
1.94925e+00	8.65070e-09	1.21933e-09
1.96734e+00	8.71171e-09	1.23163e-09
1.98543e+00	8.77048e-09	1.24122e-09
2.00352e+00	8.82682e-09	1.24788e-09
2.02161e+00	8.88048e-09	1.25146e-09
2.03970e+00	8.93122e-09	1.25190e-09
2.05779e+00	8.97877e-09	1.24919e-09
2.07588e+00	9.02286e-09	1.24339e-09
2.09397e+00	9.06321e-09	1.23468e-09
2.11206e+00	9.09951e-09	1.22328e-09
2.13015e+00	9.13145e-09	1.20950e-09
2.14824e+00	9.15871e-09	1.19375e-09
2.16633e+00	9.18096e-09	1.17648e-09
2.18442e+00	9.19786e-09	1.15820e-09
2.20251e+00	9.20908e-09	1.13948e-09
2.22060e+00	9.21428e-09	1.12086e-09
2.23869e+00	9.21314e-09	1.10289e-09
2.25678e+00	9.20533e-09	1.08605e-09
2.27487e+00	9.19057e-09	1.07076e-09
2.29296e+00	9.16858e-09	1.05729e-09
2.31106e+00	9.13916e-09	1.04583e-09
2.32915e+00	9.10210e-09	1.03641e-09
2.34724e+00	9.05728e-09	1.02894e-09
2.36533e+00	9.00463e-09	1.02325e-09
2.38342e+00	8.94412e-09	1.01907e-09
2.40151e+00	8.87582e-09	1.01613e-09
2.41960e+00	8.79981e-09	1.01411e-09
2.43769e+00	8.71629e-09	1.01272e-09
2.45578e+00	8.62547e-09	1.01171e-09
2.47387e+00	8.52764e-09	1.01086e-09
2.49196e+00	8.42311e-09	1.01000e-09
2.51005e+00	8.31228e-09	1.00900e-09
2.52814e+00	8.19552e-09	1.00777e-09
2.54623e+00	8.07328e-09	1.00626e-09
2.56432e+00	7.94601e-09	1.00446e-09
2.58241e+00	7.81416e-09	1.00233e-09
2.60050e+00	7.67822e-09	9.99897e-10
2.61859e+00	7.53866e-09	9.97161e-10
2.63668e+00	7.39594e-09	9.94133e-10
2.65477e+00	7.25054e-09	9.90821e-10
2.67286e+00	7.10292e-09	9.87230e-10
2.69095e+00	6.95350e-09	9.83356e-10
2.70905e+00	6.80271e-09	9.79191e-10
2.72714e+00	6.65097e-09	9.74720e-10
2.74523e+00	6.49865e-09	9.69923e-10
2.76332e+00	6.34612e-09	9.64775e-10
2.78141e+00	6.19371e-09	9.59251e-10
2.79950e+00	6.04176e-09	9.53321e-10
2.81759e+00	5.89055e-09	9.46960e-10
2.83568e+00	5.74035e-09	9.40141e-10
2.85377e+00	5.59141e-09	9.32843e-10
2.87186e+00	5.44397e-09	9.25047e-10
2.88995e+00	5.29822e-09	9.16739e-10
2.90804e+00	5.15435e-09	9.07910e-10
2.92613e+00	5.01253e-09	8.98559e-10
2.94422e+00	4.87290e-09	8.88687e-10
2.96231e+00	4.73560e-09	8.78302e-10
2.98040e+00	4.60073e-09	8.67416e-10
2.99849e+00	4.46838e-09	8.56048e-10
3.01658e+00	4.33866e-09	8.44220e-10
3.03467e+00	4.21160e-09	8.31956e-10
3.05276e+00	4.08729e-09	8.19284e-10
3.07085e+00	3.96574e-09	8.06237e-10
3.08894e+00	3.84701e-09	7.92846e-10
3.10704e+00	3.73110e-09	7.79146e-10
3.12513e+00	3.61803e-09	7.65173e-10
3.14322e+00	3.50781e-09	7.50961e-10
3.16131e+00	3.40043e-09	7.36546e-10
3.17940e+00	3.29588e-09	7.21965e-10
3.19749e+00	3.19414e-09	7.07251e-10
3.21558e+00	3.09519e-09	6.92437e-10
3.23367e+00	2.99900e-09	6.77558e-10
3.25176e+00	2.90554e-09	6.62643e-10
3.26985e+00	2.81477e-09	6.47723e-10
3.28794e+00	2.72665e-09	6.32826e-10
3.30603e+00	2.64114e-09	6.17979e-10
3.32412e+00	2.55819e-09	6.03206e-10
3.34221e+00	2.47775e-09	5.88530e-10
3.36030e+00	2.39978e-09	5.73974e-10
3.37839e+00	2.32422e-09	5.59556e-10
3.39648e+00	2.25102e-09	5.45297e-10
3.41457e+00	2.18012e-09	5.31211e-10
3.43266e+00	2.11147e-09	5.17314e-10
3.45075e+00	2.04502e-09	5.03621e-10
3.46884e+00	1.98070e-09	4.90142e-10
3.48693e+00	1.91846e-09	4.76890e-10
3.50503e+00	1.85825e-09	4.63873e-10
3.52312e+00	1.80001e-09	4.51100e-10
3.54121e+00	1.74368e-09	4.38579e-10
3.55930e+00	1.68921e-09	4.26316e-10
3.57739e+00	1.63654e-09	4.14314e-10
3.59548e+00	1.58563e-09	4.02580e-10
3.61357e+00	1.53641e-09	3.91116e-10
3.63166e+00	1.48884e-09	3.79924e-10
3.64975e+00	1.44286e-09	3.69006e-10
3.66784e+00	1.39842e-09	3.58364e-10
3.68593e+00	1.35547e-09	3.47997e-10
3.70402e+00	1.31398e-09	3.37905e-10
3.72211e+00	1.27387e-09	3.28088e-10
3.74020e+00	1.23512e-09	3.18545e-10
3.75829e+00	1.19767e-09	3.09273e-10
3.77638e+00	1.16149e-09	3.00272e-10
3.79447e+00	1.12652e-09	2.91538e-10
3.81256e+00	1.09273e-09	2.83070e-10
3.83065e+00	1.06007e-09	2.74864e-10
3.84874e+00	1.02851e-09	2.66917e-10
3.86683e+00	9.98012e-10	2.59226e-10
3.88492e+00	9.68528e-10	2.51786e-10
3.90302e+00	9.40028e-10	2.44592e-10
3.92111e+00	9.12475e-10	2.37640e-10
3.93920e+00	8.85837e-10	2.30923e-10
3.95729e+00	8.60079e-10	2.24435e-10
3.97538e+00	8.35171e-10	2.18168e-10
3.99347e+00	8.11082e-10	2.12116e-10
4.01156e+00	7.87782e-10	2.06271e-10
4.02965e+00	7.65244e-10	2.00626e-10
4.04774e+00	7.43441e-10	1.95173e-10
4.06583e+00	7.22347e-10	1.89906e-10
4.08392e+00	7.01938e-10	1.84819e-10
4.10201e+00	6.82190e-10	1.79906e-10
4.12010e+00	6.63081e-10	1.75161e-10
4.13819e+00	6.44590e-10	1.70582e-10
4.15628e+00	6.26696e-10	1.66163e-10
4.17437e+00	6.09380e-10	1.61901e-10
4.19246e+00	5.92622e-10	1.57791e-10
4.21055e+00	5.76405e-10	1.53831e-10
4.22864e+00	5.60712e-10	1.50015e-10
4.24673e+00	5.45525e-10	1.46340e-10
4.26482e+00	5.30828e-10	1.42800e-10
4.28291e+00	5.16605e-10	1.39392e-10
4.30101e+00	5.02841e-10	1.36110e-10
4.31910e+00	4.89520e-10	1.32948e-10
4.33719e+00	4.76630e-10	1.29902e-10
4.35528e+00	4.64155e-10	1.26967e-10
4.37337e+00	4.52081e-10	1.24136e-10
4.39146e+00	4.40396e-10	1.21406e-10
4.40955e+00	4.29087e-10	1.18771e-10
4.42764e+00	4.18140e-10	1.16227e-10
4.44573e+00	4.07545e-10	1.13770e-10
4.46382e+00	3.97288e-10	1.11394e-10
4.48191e+00	3.87360e-10	1.09097e-10
4.50000e+00	3.77748e-10	1.06874e-10
